Time 0
Waiting clients: (8, 2, 6), (49, 2, 6), (25, 4, 1), (39, 4, 1), (46, 4, 1), (6, 5, 3), (41, 6, 2), (48, 6, 5), (3, 7, 1), (20, 7, 6), (17, 11, 5), (19, 11, 7), (43, 12, 4), (15, 14, 4), (29, 14, 5), (5, 15, 3), (26, 15, 1), (24, 16, 5), (34, 16, 1), (38, 16, 6), (11, 17, 7), (10, 18, 4), (27, 18, 7), (30, 18, 4), (32, 18, 2), (7, 19, 5), (31, 21, 6), (47, 21, 4), (50, 21, 2), (4, 22, 3), (18, 22, 7), (37, 22, 3), (9, 23, 7), (1, 24, 5), (2, 24, 7), (36, 26, 7), (40, 26, 6), (42, 26, 4), (35, 27, 5), (45, 27, 4), (14, 28, 6), (33, 28, 2), (22, 30, 2), (23, 30, 3), (44, 30, 5), (13, 31, 5), (16, 33, 2), (28, 33, 1), (12, 40, 7), (21, 40, 7)
Queue 1: closed
Queue 2: closed
Queue 3: closed
Queue 4: closed
Queue 5: closed

Time 1
Waiting clients: (8, 2, 6), (49, 2, 6), (25, 4, 1), (39, 4, 1), (46, 4, 1), (6, 5, 3), (41, 6, 2), (48, 6, 5), (3, 7, 1), (20, 7, 6), (17, 11, 5), (19, 11, 7), (43, 12, 4), (15, 14, 4), (29, 14, 5), (5, 15, 3), (26, 15, 1), (24, 16, 5), (34, 16, 1), (38, 16, 6), (11, 17, 7), (10, 18, 4), (27, 18, 7), (30, 18, 4), (32, 18, 2), (7, 19, 5), (31, 21, 6), (47, 21, 4), (50, 21, 2), (4, 22, 3), (18, 22, 7), (37, 22, 3), (9, 23, 7), (1, 24, 5), (2, 24, 7), (36, 26, 7), (40, 26, 6), (42, 26, 4), (35, 27, 5), (45, 27, 4), (14, 28, 6), (33, 28, 2), (22, 30, 2), (23, 30, 3), (44, 30, 5), (13, 31, 5), (16, 33, 2), (28, 33, 1), (12, 40, 7), (21, 40, 7)
Queue 1: closed
Queue 2: closed
Queue 3: closed
Queue 4: closed
Queue 5: closed

Time 2
Waiting clients: (25, 4, 1), (39, 4, 1), (46, 4, 1), (6, 5, 3), (41, 6, 2), (48, 6, 5), (3, 7, 1), (20, 7, 6), (17, 11, 5), (19, 11, 7), (43, 12, 4), (15, 14, 4), (29, 14, 5), (5, 15, 3), (26, 15, 1), (24, 16, 5), (34, 16, 1), (38, 16, 6), (11, 17, 7), (10, 18, 4), (27, 18, 7), (30, 18, 4), (32, 18, 2), (7, 19, 5), (31, 21, 6), (47, 21, 4), (50, 21, 2), (4, 22, 3), (18, 22, 7), (37, 22, 3), (9, 23, 7), (1, 24, 5), (2, 24, 7), (36, 26, 7), (40, 26, 6), (42, 26, 4), (35, 27, 5), (45, 27, 4), (14, 28, 6), (33, 28, 2), (22, 30, 2), (23, 30, 3), (44, 30, 5), (13, 31, 5), (16, 33, 2), (28, 33, 1), (12, 40, 7), (21, 40, 7)
Queue 1: (8, 2, 6)
Queue 2: (49, 2, 6)
Queue 3: closed
Queue 4: closed
Queue 5: closed

Time 3
Waiting clients: (25, 4, 1), (39, 4, 1), (46, 4, 1), (6, 5, 3), (41, 6, 2), (48, 6, 5), (3, 7, 1), (20, 7, 6), (17, 11, 5), (19, 11, 7), (43, 12, 4), (15, 14, 4), (29, 14, 5), (5, 15, 3), (26, 15, 1), (24, 16, 5), (34, 16, 1), (38, 16, 6), (11, 17, 7), (10, 18, 4), (27, 18, 7), (30, 18, 4), (32, 18, 2), (7, 19, 5), (31, 21, 6), (47, 21, 4), (50, 21, 2), (4, 22, 3), (18, 22, 7), (37, 22, 3), (9, 23, 7), (1, 24, 5), (2, 24, 7), (36, 26, 7), (40, 26, 6), (42, 26, 4), (35, 27, 5), (45, 27, 4), (14, 28, 6), (33, 28, 2), (22, 30, 2), (23, 30, 3), (44, 30, 5), (13, 31, 5), (16, 33, 2), (28, 33, 1), (12, 40, 7), (21, 40, 7)
Queue 1: (8, 2, 5)
Queue 2: (49, 2, 5)
Queue 3: closed
Queue 4: closed
Queue 5: closed

Time 4
Waiting clients: (6, 5, 3), (41, 6, 2), (48, 6, 5), (3, 7, 1), (20, 7, 6), (17, 11, 5), (19, 11, 7), (43, 12, 4), (15, 14, 4), (29, 14, 5), (5, 15, 3), (26, 15, 1), (24, 16, 5), (34, 16, 1), (38, 16, 6), (11, 17, 7), (10, 18, 4), (27, 18, 7), (30, 18, 4), (32, 18, 2), (7, 19, 5), (31, 21, 6), (47, 21, 4), (50, 21, 2), (4, 22, 3), (18, 22, 7), (37, 22, 3), (9, 23, 7), (1, 24, 5), (2, 24, 7), (36, 26, 7), (40, 26, 6), (42, 26, 4), (35, 27, 5), (45, 27, 4), (14, 28, 6), (33, 28, 2), (22, 30, 2), (23, 30, 3), (44, 30, 5), (13, 31, 5), (16, 33, 2), (28, 33, 1), (12, 40, 7), (21, 40, 7)
Queue 1: (8, 2, 4)
Queue 2: (49, 2, 4)
Queue 3: (25, 4, 1)
Queue 4: (39, 4, 1)
Queue 5: (46, 4, 1)

Time 5
Waiting clients: (41, 6, 2), (48, 6, 5), (3, 7, 1), (20, 7, 6), (17, 11, 5), (19, 11, 7), (43, 12, 4), (15, 14, 4), (29, 14, 5), (5, 15, 3), (26, 15, 1), (24, 16, 5), (34, 16, 1), (38, 16, 6), (11, 17, 7), (10, 18, 4), (27, 18, 7), (30, 18, 4), (32, 18, 2), (7, 19, 5), (31, 21, 6), (47, 21, 4), (50, 21, 2), (4, 22, 3), (18, 22, 7), (37, 22, 3), (9, 23, 7), (1, 24, 5), (2, 24, 7), (36, 26, 7), (40, 26, 6), (42, 26, 4), (35, 27, 5), (45, 27, 4), (14, 28, 6), (33, 28, 2), (22, 30, 2), (23, 30, 3), (44, 30, 5), (13, 31, 5), (16, 33, 2), (28, 33, 1), (12, 40, 7), (21, 40, 7)
Queue 1: (8, 2, 3)
Queue 2: (49, 2, 3)
Queue 3: (6, 5, 3)
Queue 4: closed
Queue 5: closed

Time 6
Waiting clients: (3, 7, 1), (20, 7, 6), (17, 11, 5), (19, 11, 7), (43, 12, 4), (15, 14, 4), (29, 14, 5), (5, 15, 3), (26, 15, 1), (24, 16, 5), (34, 16, 1), (38, 16, 6), (11, 17, 7), (10, 18, 4), (27, 18, 7), (30, 18, 4), (32, 18, 2), (7, 19, 5), (31, 21, 6), (47, 21, 4), (50, 21, 2), (4, 22, 3), (18, 22, 7), (37, 22, 3), (9, 23, 7), (1, 24, 5), (2, 24, 7), (36, 26, 7), (40, 26, 6), (42, 26, 4), (35, 27, 5), (45, 27, 4), (14, 28, 6), (33, 28, 2), (22, 30, 2), (23, 30, 3), (44, 30, 5), (13, 31, 5), (16, 33, 2), (28, 33, 1), (12, 40, 7), (21, 40, 7)
Queue 1: (8, 2, 2)
Queue 2: (49, 2, 2)
Queue 3: (6, 5, 2)
Queue 4: (41, 6, 2)
Queue 5: (48, 6, 5)

Time 7
Waiting clients: (17, 11, 5), (19, 11, 7), (43, 12, 4), (15, 14, 4), (29, 14, 5), (5, 15, 3), (26, 15, 1), (24, 16, 5), (34, 16, 1), (38, 16, 6), (11, 17, 7), (10, 18, 4), (27, 18, 7), (30, 18, 4), (32, 18, 2), (7, 19, 5), (31, 21, 6), (47, 21, 4), (50, 21, 2), (4, 22, 3), (18, 22, 7), (37, 22, 3), (9, 23, 7), (1, 24, 5), (2, 24, 7), (36, 26, 7), (40, 26, 6), (42, 26, 4), (35, 27, 5), (45, 27, 4), (14, 28, 6), (33, 28, 2), (22, 30, 2), (23, 30, 3), (44, 30, 5), (13, 31, 5), (16, 33, 2), (28, 33, 1), (12, 40, 7), (21, 40, 7)
Queue 1: (8, 2, 1), (3, 7, 1)
Queue 2: (49, 2, 1), (20, 7, 6)
Queue 3: (6, 5, 1)
Queue 4: (41, 6, 1)
Queue 5: (48, 6, 4)

Time 8
Waiting clients: (17, 11, 5), (19, 11, 7), (43, 12, 4), (15, 14, 4), (29, 14, 5), (5, 15, 3), (26, 15, 1), (24, 16, 5), (34, 16, 1), (38, 16, 6), (11, 17, 7), (10, 18, 4), (27, 18, 7), (30, 18, 4), (32, 18, 2), (7, 19, 5), (31, 21, 6), (47, 21, 4), (50, 21, 2), (4, 22, 3), (18, 22, 7), (37, 22, 3), (9, 23, 7), (1, 24, 5), (2, 24, 7), (36, 26, 7), (40, 26, 6), (42, 26, 4), (35, 27, 5), (45, 27, 4), (14, 28, 6), (33, 28, 2), (22, 30, 2), (23, 30, 3), (44, 30, 5), (13, 31, 5), (16, 33, 2), (28, 33, 1), (12, 40, 7), (21, 40, 7)
Queue 1: (3, 7, 1)
Queue 2: (20, 7, 6)
Queue 3: closed
Queue 4: closed
Queue 5: (48, 6, 3)

Time 9
Waiting clients: (17, 11, 5), (19, 11, 7), (43, 12, 4), (15, 14, 4), (29, 14, 5), (5, 15, 3), (26, 15, 1), (24, 16, 5), (34, 16, 1), (38, 16, 6), (11, 17, 7), (10, 18, 4), (27, 18, 7), (30, 18, 4), (32, 18, 2), (7, 19, 5), (31, 21, 6), (47, 21, 4), (50, 21, 2), (4, 22, 3), (18, 22, 7), (37, 22, 3), (9, 23, 7), (1, 24, 5), (2, 24, 7), (36, 26, 7), (40, 26, 6), (42, 26, 4), (35, 27, 5), (45, 27, 4), (14, 28, 6), (33, 28, 2), (22, 30, 2), (23, 30, 3), (44, 30, 5), (13, 31, 5), (16, 33, 2), (28, 33, 1), (12, 40, 7), (21, 40, 7)
Queue 1: closed
Queue 2: (20, 7, 5)
Queue 3: closed
Queue 4: closed
Queue 5: (48, 6, 2)

Time 10
Waiting clients: (17, 11, 5), (19, 11, 7), (43, 12, 4), (15, 14, 4), (29, 14, 5), (5, 15, 3), (26, 15, 1), (24, 16, 5), (34, 16, 1), (38, 16, 6), (11, 17, 7), (10, 18, 4), (27, 18, 7), (30, 18, 4), (32, 18, 2), (7, 19, 5), (31, 21, 6), (47, 21, 4), (50, 21, 2), (4, 22, 3), (18, 22, 7), (37, 22, 3), (9, 23, 7), (1, 24, 5), (2, 24, 7), (36, 26, 7), (40, 26, 6), (42, 26, 4), (35, 27, 5), (45, 27, 4), (14, 28, 6), (33, 28, 2), (22, 30, 2), (23, 30, 3), (44, 30, 5), (13, 31, 5), (16, 33, 2), (28, 33, 1), (12, 40, 7), (21, 40, 7)
Queue 1: closed
Queue 2: (20, 7, 4)
Queue 3: closed
Queue 4: closed
Queue 5: (48, 6, 1)

Time 11
Waiting clients: (43, 12, 4), (15, 14, 4), (29, 14, 5), (5, 15, 3), (26, 15, 1), (24, 16, 5), (34, 16, 1), (38, 16, 6), (11, 17, 7), (10, 18, 4), (27, 18, 7), (30, 18, 4), (32, 18, 2), (7, 19, 5), (31, 21, 6), (47, 21, 4), (50, 21, 2), (4, 22, 3), (18, 22, 7), (37, 22, 3), (9, 23, 7), (1, 24, 5), (2, 24, 7), (36, 26, 7), (40, 26, 6), (42, 26, 4), (35, 27, 5), (45, 27, 4), (14, 28, 6), (33, 28, 2), (22, 30, 2), (23, 30, 3), (44, 30, 5), (13, 31, 5), (16, 33, 2), (28, 33, 1), (12, 40, 7), (21, 40, 7)
Queue 1: (17, 11, 5)
Queue 2: (20, 7, 3)
Queue 3: (19, 11, 7)
Queue 4: closed
Queue 5: closed

Time 12
Waiting clients: (15, 14, 4), (29, 14, 5), (5, 15, 3), (26, 15, 1), (24, 16, 5), (34, 16, 1), (38, 16, 6), (11, 17, 7), (10, 18, 4), (27, 18, 7), (30, 18, 4), (32, 18, 2), (7, 19, 5), (31, 21, 6), (47, 21, 4), (50, 21, 2), (4, 22, 3), (18, 22, 7), (37, 22, 3), (9, 23, 7), (1, 24, 5), (2, 24, 7), (36, 26, 7), (40, 26, 6), (42, 26, 4), (35, 27, 5), (45, 27, 4), (14, 28, 6), (33, 28, 2), (22, 30, 2), (23, 30, 3), (44, 30, 5), (13, 31, 5), (16, 33, 2), (28, 33, 1), (12, 40, 7), (21, 40, 7)
Queue 1: (17, 11, 4)
Queue 2: (20, 7, 2)
Queue 3: (19, 11, 6)
Queue 4: (43, 12, 4)
Queue 5: closed

Time 13
Waiting clients: (15, 14, 4), (29, 14, 5), (5, 15, 3), (26, 15, 1), (24, 16, 5), (34, 16, 1), (38, 16, 6), (11, 17, 7), (10, 18, 4), (27, 18, 7), (30, 18, 4), (32, 18, 2), (7, 19, 5), (31, 21, 6), (47, 21, 4), (50, 21, 2), (4, 22, 3), (18, 22, 7), (37, 22, 3), (9, 23, 7), (1, 24, 5), (2, 24, 7), (36, 26, 7), (40, 26, 6), (42, 26, 4), (35, 27, 5), (45, 27, 4), (14, 28, 6), (33, 28, 2), (22, 30, 2), (23, 30, 3), (44, 30, 5), (13, 31, 5), (16, 33, 2), (28, 33, 1), (12, 40, 7), (21, 40, 7)
Queue 1: (17, 11, 3)
Queue 2: (20, 7, 1)
Queue 3: (19, 11, 5)
Queue 4: (43, 12, 3)
Queue 5: closed

Time 14
Waiting clients: (5, 15, 3), (26, 15, 1), (24, 16, 5), (34, 16, 1), (38, 16, 6), (11, 17, 7), (10, 18, 4), (27, 18, 7), (30, 18, 4), (32, 18, 2), (7, 19, 5), (31, 21, 6), (47, 21, 4), (50, 21, 2), (4, 22, 3), (18, 22, 7), (37, 22, 3), (9, 23, 7), (1, 24, 5), (2, 24, 7), (36, 26, 7), (40, 26, 6), (42, 26, 4), (35, 27, 5), (45, 27, 4), (14, 28, 6), (33, 28, 2), (22, 30, 2), (23, 30, 3), (44, 30, 5), (13, 31, 5), (16, 33, 2), (28, 33, 1), (12, 40, 7), (21, 40, 7)
Queue 1: (17, 11, 2)
Queue 2: (15, 14, 4)
Queue 3: (19, 11, 4)
Queue 4: (43, 12, 2)
Queue 5: (29, 14, 5)

Time 15
Waiting clients: (24, 16, 5), (34, 16, 1), (38, 16, 6), (11, 17, 7), (10, 18, 4), (27, 18, 7), (30, 18, 4), (32, 18, 2), (7, 19, 5), (31, 21, 6), (47, 21, 4), (50, 21, 2), (4, 22, 3), (18, 22, 7), (37, 22, 3), (9, 23, 7), (1, 24, 5), (2, 24, 7), (36, 26, 7), (40, 26, 6), (42, 26, 4), (35, 27, 5), (45, 27, 4), (14, 28, 6), (33, 28, 2), (22, 30, 2), (23, 30, 3), (44, 30, 5), (13, 31, 5), (16, 33, 2), (28, 33, 1), (12, 40, 7), (21, 40, 7)
Queue 1: (17, 11, 1), (5, 15, 3)
Queue 2: (15, 14, 3)
Queue 3: (19, 11, 3)
Queue 4: (43, 12, 1), (26, 15, 1)
Queue 5: (29, 14, 4)

Time 16
Waiting clients: (11, 17, 7), (10, 18, 4), (27, 18, 7), (30, 18, 4), (32, 18, 2), (7, 19, 5), (31, 21, 6), (47, 21, 4), (50, 21, 2), (4, 22, 3), (18, 22, 7), (37, 22, 3), (9, 23, 7), (1, 24, 5), (2, 24, 7), (36, 26, 7), (40, 26, 6), (42, 26, 4), (35, 27, 5), (45, 27, 4), (14, 28, 6), (33, 28, 2), (22, 30, 2), (23, 30, 3), (44, 30, 5), (13, 31, 5), (16, 33, 2), (28, 33, 1), (12, 40, 7), (21, 40, 7)
Queue 1: (5, 15, 3)
Queue 2: (15, 14, 2), (34, 16, 1)
Queue 3: (19, 11, 2), (38, 16, 6)
Queue 4: (26, 15, 1), (24, 16, 5)
Queue 5: (29, 14, 3)

Time 17
Waiting clients: (10, 18, 4), (27, 18, 7), (30, 18, 4), (32, 18, 2), (7, 19, 5), (31, 21, 6), (47, 21, 4), (50, 21, 2), (4, 22, 3), (18, 22, 7), (37, 22, 3), (9, 23, 7), (1, 24, 5), (2, 24, 7), (36, 26, 7), (40, 26, 6), (42, 26, 4), (35, 27, 5), (45, 27, 4), (14, 28, 6), (33, 28, 2), (22, 30, 2), (23, 30, 3), (44, 30, 5), (13, 31, 5), (16, 33, 2), (28, 33, 1), (12, 40, 7), (21, 40, 7)
Queue 1: (5, 15, 2), (11, 17, 7)
Queue 2: (15, 14, 1), (34, 16, 1)
Queue 3: (19, 11, 1), (38, 16, 6)
Queue 4: (24, 16, 5)
Queue 5: (29, 14, 2)

Time 18
Waiting clients: (7, 19, 5), (31, 21, 6), (47, 21, 4), (50, 21, 2), (4, 22, 3), (18, 22, 7), (37, 22, 3), (9, 23, 7), (1, 24, 5), (2, 24, 7), (36, 26, 7), (40, 26, 6), (42, 26, 4), (35, 27, 5), (45, 27, 4), (14, 28, 6), (33, 28, 2), (22, 30, 2), (23, 30, 3), (44, 30, 5), (13, 31, 5), (16, 33, 2), (28, 33, 1), (12, 40, 7), (21, 40, 7)
Queue 1: (5, 15, 1), (11, 17, 7)
Queue 2: (34, 16, 1), (10, 18, 4), (32, 18, 2)
Queue 3: (38, 16, 6)
Queue 4: (24, 16, 4), (30, 18, 4)
Queue 5: (29, 14, 1), (27, 18, 7)

Time 19
Waiting clients: (31, 21, 6), (47, 21, 4), (50, 21, 2), (4, 22, 3), (18, 22, 7), (37, 22, 3), (9, 23, 7), (1, 24, 5), (2, 24, 7), (36, 26, 7), (40, 26, 6), (42, 26, 4), (35, 27, 5), (45, 27, 4), (14, 28, 6), (33, 28, 2), (22, 30, 2), (23, 30, 3), (44, 30, 5), (13, 31, 5), (16, 33, 2), (28, 33, 1), (12, 40, 7), (21, 40, 7)
Queue 1: (11, 17, 7)
Queue 2: (10, 18, 4), (32, 18, 2)
Queue 3: (38, 16, 5), (7, 19, 5)
Queue 4: (24, 16, 3), (30, 18, 4)
Queue 5: (27, 18, 7)

Time 20
Waiting clients: (31, 21, 6), (47, 21, 4), (50, 21, 2), (4, 22, 3), (18, 22, 7), (37, 22, 3), (9, 23, 7), (1, 24, 5), (2, 24, 7), (36, 26, 7), (40, 26, 6), (42, 26, 4), (35, 27, 5), (45, 27, 4), (14, 28, 6), (33, 28, 2), (22, 30, 2), (23, 30, 3), (44, 30, 5), (13, 31, 5), (16, 33, 2), (28, 33, 1), (12, 40, 7), (21, 40, 7)
Queue 1: (11, 17, 6)
Queue 2: (10, 18, 3), (32, 18, 2)
Queue 3: (38, 16, 4), (7, 19, 5)
Queue 4: (24, 16, 2), (30, 18, 4)
Queue 5: (27, 18, 6)

Time 21
Waiting clients: (4, 22, 3), (18, 22, 7), (37, 22, 3), (9, 23, 7), (1, 24, 5), (2, 24, 7), (36, 26, 7), (40, 26, 6), (42, 26, 4), (35, 27, 5), (45, 27, 4), (14, 28, 6), (33, 28, 2), (22, 30, 2), (23, 30, 3), (44, 30, 5), (13, 31, 5), (16, 33, 2), (28, 33, 1), (12, 40, 7), (21, 40, 7)
Queue 1: (11, 17, 5), (47, 21, 4)
Queue 2: (10, 18, 2), (32, 18, 2), (31, 21, 6)
Queue 3: (38, 16, 3), (7, 19, 5)
Queue 4: (24, 16, 1), (30, 18, 4), (50, 21, 2)
Queue 5: (27, 18, 5)

Time 22
Waiting clients: (9, 23, 7), (1, 24, 5), (2, 24, 7), (36, 26, 7), (40, 26, 6), (42, 26, 4), (35, 27, 5), (45, 27, 4), (14, 28, 6), (33, 28, 2), (22, 30, 2), (23, 30, 3), (44, 30, 5), (13, 31, 5), (16, 33, 2), (28, 33, 1), (12, 40, 7), (21, 40, 7)
Queue 1: (11, 17, 4), (47, 21, 4)
Queue 2: (10, 18, 1), (32, 18, 2), (31, 21, 6)
Queue 3: (38, 16, 2), (7, 19, 5), (37, 22, 3)
Queue 4: (30, 18, 4), (50, 21, 2), (18, 22, 7)
Queue 5: (27, 18, 4), (4, 22, 3)

Time 23
Waiting clients: (1, 24, 5), (2, 24, 7), (36, 26, 7), (40, 26, 6), (42, 26, 4), (35, 27, 5), (45, 27, 4), (14, 28, 6), (33, 28, 2), (22, 30, 2), (23, 30, 3), (44, 30, 5), (13, 31, 5), (16, 33, 2), (28, 33, 1), (12, 40, 7), (21, 40, 7)
Queue 1: (11, 17, 3), (47, 21, 4)
Queue 2: (32, 18, 2), (31, 21, 6)
Queue 3: (38, 16, 1), (7, 19, 5), (37, 22, 3)
Queue 4: (30, 18, 3), (50, 21, 2), (18, 22, 7)
Queue 5: (27, 18, 3), (4, 22, 3), (9, 23, 7)

Time 24
Waiting clients: (36, 26, 7), (40, 26, 6), (42, 26, 4), (35, 27, 5), (45, 27, 4), (14, 28, 6), (33, 28, 2), (22, 30, 2), (23, 30, 3), (44, 30, 5), (13, 31, 5), (16, 33, 2), (28, 33, 1), (12, 40, 7), (21, 40, 7)
Queue 1: (11, 17, 2), (47, 21, 4), (1, 24, 5)
Queue 2: (32, 18, 1), (31, 21, 6), (2, 24, 7)
Queue 3: (7, 19, 5), (37, 22, 3)
Queue 4: (30, 18, 2), (50, 21, 2), (18, 22, 7)
Queue 5: (27, 18, 2), (4, 22, 3), (9, 23, 7)

Time 25
Waiting clients: (36, 26, 7), (40, 26, 6), (42, 26, 4), (35, 27, 5), (45, 27, 4), (14, 28, 6), (33, 28, 2), (22, 30, 2), (23, 30, 3), (44, 30, 5), (13, 31, 5), (16, 33, 2), (28, 33, 1), (12, 40, 7), (21, 40, 7)
Queue 1: (11, 17, 1), (47, 21, 4), (1, 24, 5)
Queue 2: (31, 21, 6), (2, 24, 7)
Queue 3: (7, 19, 4), (37, 22, 3)
Queue 4: (30, 18, 1), (50, 21, 2), (18, 22, 7)
Queue 5: (27, 18, 1), (4, 22, 3), (9, 23, 7)

Time 26
Waiting clients: (35, 27, 5), (45, 27, 4), (14, 28, 6), (33, 28, 2), (22, 30, 2), (23, 30, 3), (44, 30, 5), (13, 31, 5), (16, 33, 2), (28, 33, 1), (12, 40, 7), (21, 40, 7)
Queue 1: (47, 21, 4), (1, 24, 5), (40, 26, 6)
Queue 2: (31, 21, 5), (2, 24, 7)
Queue 3: (7, 19, 3), (37, 22, 3), (36, 26, 7)
Queue 4: (50, 21, 2), (18, 22, 7), (42, 26, 4)
Queue 5: (4, 22, 3), (9, 23, 7)

Time 27
Waiting clients: (14, 28, 6), (33, 28, 2), (22, 30, 2), (23, 30, 3), (44, 30, 5), (13, 31, 5), (16, 33, 2), (28, 33, 1), (12, 40, 7), (21, 40, 7)
Queue 1: (47, 21, 3), (1, 24, 5), (40, 26, 6)
Queue 2: (31, 21, 4), (2, 24, 7), (45, 27, 4)
Queue 3: (7, 19, 2), (37, 22, 3), (36, 26, 7)
Queue 4: (50, 21, 1), (18, 22, 7), (42, 26, 4)
Queue 5: (4, 22, 2), (9, 23, 7), (35, 27, 5)

Time 28
Waiting clients: (22, 30, 2), (23, 30, 3), (44, 30, 5), (13, 31, 5), (16, 33, 2), (28, 33, 1), (12, 40, 7), (21, 40, 7)
Queue 1: (47, 21, 2), (1, 24, 5), (40, 26, 6)
Queue 2: (31, 21, 3), (2, 24, 7), (45, 27, 4)
Queue 3: (7, 19, 1), (37, 22, 3), (36, 26, 7), (14, 28, 6)
Queue 4: (18, 22, 7), (42, 26, 4), (33, 28, 2)
Queue 5: (4, 22, 1), (9, 23, 7), (35, 27, 5)

Time 29
Waiting clients: (22, 30, 2), (23, 30, 3), (44, 30, 5), (13, 31, 5), (16, 33, 2), (28, 33, 1), (12, 40, 7), (21, 40, 7)
Queue 1: (47, 21, 1), (1, 24, 5), (40, 26, 6)
Queue 2: (31, 21, 2), (2, 24, 7), (45, 27, 4)
Queue 3: (37, 22, 3), (36, 26, 7), (14, 28, 6)
Queue 4: (18, 22, 6), (42, 26, 4), (33, 28, 2)
Queue 5: (9, 23, 7), (35, 27, 5)

Time 30
Waiting clients: (13, 31, 5), (16, 33, 2), (28, 33, 1), (12, 40, 7), (21, 40, 7)
Queue 1: (1, 24, 5), (40, 26, 6), (22, 30, 2)
Queue 2: (31, 21, 1), (2, 24, 7), (45, 27, 4)
Queue 3: (37, 22, 2), (36, 26, 7), (14, 28, 6)
Queue 4: (18, 22, 5), (42, 26, 4), (33, 28, 2), (23, 30, 3)
Queue 5: (9, 23, 6), (35, 27, 5), (44, 30, 5)

Time 31
Waiting clients: (16, 33, 2), (28, 33, 1), (12, 40, 7), (21, 40, 7)
Queue 1: (1, 24, 4), (40, 26, 6), (22, 30, 2)
Queue 2: (2, 24, 7), (45, 27, 4), (13, 31, 5)
Queue 3: (37, 22, 1), (36, 26, 7), (14, 28, 6)
Queue 4: (18, 22, 4), (42, 26, 4), (33, 28, 2), (23, 30, 3)
Queue 5: (9, 23, 5), (35, 27, 5), (44, 30, 5)

Time 32
Waiting clients: (16, 33, 2), (28, 33, 1), (12, 40, 7), (21, 40, 7)
Queue 1: (1, 24, 3), (40, 26, 6), (22, 30, 2)
Queue 2: (2, 24, 6), (45, 27, 4), (13, 31, 5)
Queue 3: (36, 26, 7), (14, 28, 6)
Queue 4: (18, 22, 3), (42, 26, 4), (33, 28, 2), (23, 30, 3)
Queue 5: (9, 23, 4), (35, 27, 5), (44, 30, 5)

Time 33
Waiting clients: (12, 40, 7), (21, 40, 7)
Queue 1: (1, 24, 2), (40, 26, 6), (22, 30, 2), (16, 33, 2)
Queue 2: (2, 24, 5), (45, 27, 4), (13, 31, 5)
Queue 3: (36, 26, 6), (14, 28, 6)
Queue 4: (18, 22, 2), (42, 26, 4), (33, 28, 2), (23, 30, 3), (28, 33, 1)
Queue 5: (9, 23, 3), (35, 27, 5), (44, 30, 5)

Time 34
Waiting clients: (12, 40, 7), (21, 40, 7)
Queue 1: (1, 24, 1), (40, 26, 6), (22, 30, 2), (16, 33, 2)
Queue 2: (2, 24, 4), (45, 27, 4), (13, 31, 5)
Queue 3: (36, 26, 5), (14, 28, 6)
Queue 4: (18, 22, 1), (42, 26, 4), (33, 28, 2), (23, 30, 3), (28, 33, 1)
Queue 5: (9, 23, 2), (35, 27, 5), (44, 30, 5)

Time 35
Waiting clients: (12, 40, 7), (21, 40, 7)
Queue 1: (40, 26, 6), (22, 30, 2), (16, 33, 2)
Queue 2: (2, 24, 3), (45, 27, 4), (13, 31, 5)
Queue 3: (36, 26, 4), (14, 28, 6)
Queue 4: (42, 26, 4), (33, 28, 2), (23, 30, 3), (28, 33, 1)
Queue 5: (9, 23, 1), (35, 27, 5), (44, 30, 5)

Time 36
Waiting clients: (12, 40, 7), (21, 40, 7)
Queue 1: (40, 26, 5), (22, 30, 2), (16, 33, 2)
Queue 2: (2, 24, 2), (45, 27, 4), (13, 31, 5)
Queue 3: (36, 26, 3), (14, 28, 6)
Queue 4: (42, 26, 3), (33, 28, 2), (23, 30, 3), (28, 33, 1)
Queue 5: (35, 27, 5), (44, 30, 5)

Time 37
Waiting clients: (12, 40, 7), (21, 40, 7)
Queue 1: (40, 26, 4), (22, 30, 2), (16, 33, 2)
Queue 2: (2, 24, 1), (45, 27, 4), (13, 31, 5)
Queue 3: (36, 26, 2), (14, 28, 6)
Queue 4: (42, 26, 2), (33, 28, 2), (23, 30, 3), (28, 33, 1)
Queue 5: (35, 27, 4), (44, 30, 5)

Time 38
Waiting clients: (12, 40, 7), (21, 40, 7)
Queue 1: (40, 26, 3), (22, 30, 2), (16, 33, 2)
Queue 2: (45, 27, 4), (13, 31, 5)
Queue 3: (36, 26, 1), (14, 28, 6)
Queue 4: (42, 26, 1), (33, 28, 2), (23, 30, 3), (28, 33, 1)
Queue 5: (35, 27, 3), (44, 30, 5)

Time 39
Waiting clients: (12, 40, 7), (21, 40, 7)
Queue 1: (40, 26, 2), (22, 30, 2), (16, 33, 2)
Queue 2: (45, 27, 3), (13, 31, 5)
Queue 3: (14, 28, 6)
Queue 4: (33, 28, 2), (23, 30, 3), (28, 33, 1)
Queue 5: (35, 27, 2), (44, 30, 5)

Time 40
Waiting clients:
Queue 1: (40, 26, 1), (22, 30, 2), (16, 33, 2), (12, 40, 7)
Queue 2: (45, 27, 2), (13, 31, 5)
Queue 3: (14, 28, 5), (21, 40, 7)
Queue 4: (33, 28, 1), (23, 30, 3), (28, 33, 1)
Queue 5: (35, 27, 1), (44, 30, 5)

Time 41
Waiting clients:
Queue 1: (22, 30, 2), (16, 33, 2), (12, 40, 7)
Queue 2: (45, 27, 1), (13, 31, 5)
Queue 3: (14, 28, 4), (21, 40, 7)
Queue 4: (23, 30, 3), (28, 33, 1)
Queue 5: (44, 30, 5)

Time 42
Waiting clients:
Queue 1: (22, 30, 1), (16, 33, 2), (12, 40, 7)
Queue 2: (13, 31, 5)
Queue 3: (14, 28, 3), (21, 40, 7)
Queue 4: (23, 30, 2), (28, 33, 1)
Queue 5: (44, 30, 4)

Time 43
Waiting clients:
Queue 1: (16, 33, 2), (12, 40, 7)
Queue 2: (13, 31, 4)
Queue 3: (14, 28, 2), (21, 40, 7)
Queue 4: (23, 30, 1), (28, 33, 1)
Queue 5: (44, 30, 3)

Time 44
Waiting clients:
Queue 1: (16, 33, 1), (12, 40, 7)
Queue 2: (13, 31, 3)
Queue 3: (14, 28, 1), (21, 40, 7)
Queue 4: (28, 33, 1)
Queue 5: (44, 30, 2)

Time 45
Waiting clients:
Queue 1: (12, 40, 7)
Queue 2: (13, 31, 2)
Queue 3: (21, 40, 7)
Queue 4: closed
Queue 5: (44, 30, 1)

Time 46
Waiting clients:
Queue 1: (12, 40, 6)
Queue 2: (13, 31, 1)
Queue 3: (21, 40, 6)
Queue 4: closed
Queue 5: closed

Time 47
Waiting clients:
Queue 1: (12, 40, 5)
Queue 2: closed
Queue 3: (21, 40, 5)
Queue 4: closed
Queue 5: closed

Time 48
Waiting clients:
Queue 1: (12, 40, 4)
Queue 2: closed
Queue 3: (21, 40, 4)
Queue 4: closed
Queue 5: closed

Time 49
Waiting clients:
Queue 1: (12, 40, 3)
Queue 2: closed
Queue 3: (21, 40, 3)
Queue 4: closed
Queue 5: closed

Time 50
Waiting clients:
Queue 1: (12, 40, 2)
Queue 2: closed
Queue 3: (21, 40, 2)
Queue 4: closed
Queue 5: closed

Time 51
Waiting clients:
Queue 1: (12, 40, 1)
Queue 2: closed
Queue 3: (21, 40, 1)
Queue 4: closed
Queue 5: closed

Time 52
Waiting clients:
Queue 1: closed
Queue 2: closed
Queue 3: closed
Queue 4: closed
Queue 5: closed


Simulation Over.
Average Waiting Time: 8.60
Average Service Time: 4.24
Peak Hour: 33
